0 0.902344 0.979492 0.195312 0.041016
0 0.955078 0.882812 0.089844 0.054688
0 0.913086 0.765625 0.173828 0.167969
0 0.770508 0.459961 0.064453 0.177734
0 0.559570 0.438477 0.146484 0.134766
0 0.882812 0.537109 0.140625 0.351562
0 0.723633 0.650391 0.189453 0.652344
0 0.387695 0.279297 0.134766 0.082031
0 0.567383 0.304688 0.373047 0.265625
0 0.463867 0.087891 0.033203 0.031250
0 0.808594 0.105469 0.078125 0.078125
0 0.955078 0.138672 0.062500 0.148438
0 0.991211 0.118164 0.017578 0.189453
0 0.314453 0.033203 0.035156 0.027344
0 0.901367 0.040039 0.189453 0.080078