0 0.634766 0.908203 0.039062 0.015625
0 0.530273 0.948242 0.267578 0.103516
0 0.630859 0.832031 0.042969 0.042969
0 0.612305 0.842773 0.087891 0.166016
0 0.500977 0.739258 0.103516 0.060547
0 0.599609 0.690430 0.093750 0.076172
0 0.480469 0.657227 0.093750 0.037109
0 0.598633 0.631836 0.087891 0.033203
0 0.587891 0.591797 0.105469 0.074219
0 0.570312 0.542969 0.101562 0.062500
0 0.541992 0.501953 0.126953 0.082031
0 0.446289 0.374023 0.291016 0.248047
0 0.291992 0.223633 0.130859 0.169922
0 0.137695 0.133789 0.275391 0.267578