0 0.345703 0.981445 0.035156 0.037109
0 0.241211 0.979492 0.037109 0.041016
0 0.289062 0.975586 0.046875 0.048828
0 0.149414 0.963867 0.076172 0.072266
0 0.098633 0.928711 0.052734 0.056641
0 0.236328 0.918945 0.066406 0.060547
0 0.615234 0.937500 0.273438 0.125000
0 0.424805 0.803711 0.123047 0.056641
0 0.078125 0.763672 0.035156 0.023438
0 0.298828 0.663086 0.039062 0.037109
0 0.143555 0.559570 0.056641 0.076172
0 0.394531 0.378906 0.117188 0.093750
0 0.376953 0.266602 0.093750 0.044922
0 0.893555 0.378906 0.212891 0.710938
0 0.367188 0.066406 0.195312 0.132812