0 0.603516 0.628906 0.054688 0.042969
0 0.809570 0.610352 0.064453 0.103516
0 0.753906 0.528320 0.046875 0.037109
0 0.603516 0.467773 0.128906 0.126953
0 0.442383 0.423828 0.029297 0.039062
0 0.776367 0.436523 0.048828 0.115234
0 0.800781 0.355469 0.046875 0.058594
0 0.933594 0.338867 0.132812 0.275391
0 0.748047 0.211914 0.062500 0.048828
0 0.752930 0.154297 0.216797 0.046875
0 0.186523 0.133789 0.130859 0.123047
0 0.684570 0.086914 0.154297 0.126953
0 0.224609 0.020508 0.050781 0.041016
0 0.150391 0.030273 0.093750 0.060547
0 0.065430 0.079102 0.130859 0.158203