0 0.850586 0.974609 0.044922 0.050781
0 0.770508 0.954102 0.095703 0.091797
0 0.690430 0.938477 0.115234 0.123047
0 0.583008 0.901367 0.080078 0.060547
0 0.416992 0.753906 0.076172 0.093750
0 0.383789 0.681641 0.029297 0.039062
0 0.410156 0.621094 0.089844 0.082031
0 0.343750 0.573242 0.140625 0.162109
0 0.315430 0.520508 0.119141 0.080078
0 0.305664 0.471680 0.076172 0.064453
0 0.241211 0.452148 0.138672 0.130859
0 0.086914 0.411133 0.052734 0.056641
0 0.056641 0.399414 0.039062 0.048828
0 0.160156 0.426758 0.179688 0.123047
0 0.026367 0.350586 0.052734 0.083984