0 0.893555 0.942383 0.150391 0.115234
0 0.718750 0.756836 0.031250 0.044922
0 0.672852 0.780273 0.052734 0.099609
0 0.608398 0.778320 0.068359 0.099609
0 0.471680 0.750000 0.158203 0.117188
0 0.256836 0.662109 0.052734 0.078125
0 0.058594 0.654297 0.035156 0.066406
0 0.619141 0.591797 0.050781 0.078125
0 0.882812 0.605469 0.234375 0.238281
0 0.144531 0.359375 0.035156 0.058594
0 0.197266 0.277344 0.105469 0.066406
0 0.416992 0.175781 0.048828 0.042969
0 0.198242 0.165039 0.060547 0.056641
0 0.171875 0.059570 0.066406 0.087891