0 0.397461 0.966797 0.193359 0.066406
0 0.489258 0.768555 0.322266 0.298828
0 0.132812 0.590820 0.046875 0.072266
0 0.634766 0.408203 0.039062 0.015625
0 0.525391 0.499023 0.277344 0.205078
0 0.630859 0.332031 0.042969 0.042969
0 0.612305 0.342773 0.087891 0.166016
0 0.500977 0.239258 0.103516 0.060547
0 0.599609 0.190430 0.093750 0.076172
0 0.480469 0.157227 0.093750 0.037109
0 0.598633 0.131836 0.087891 0.033203
0 0.587891 0.091797 0.105469 0.074219
0 0.570312 0.042969 0.101562 0.062500
0 0.538086 0.021484 0.119141 0.042969