0 0.690430 0.968750 0.044922 0.042969
0 0.646484 0.957031 0.046875 0.054688
0 0.332031 0.960938 0.054688 0.078125
0 0.568359 0.929688 0.074219 0.062500
0 0.269531 0.915039 0.054688 0.087891
0 0.485352 0.887695 0.080078 0.103516
0 0.133789 0.874023 0.068359 0.154297
0 0.771484 0.658203 0.054688 0.050781
0 0.923828 0.591797 0.039062 0.046875
0 0.880859 0.599609 0.035156 0.074219
0 0.938477 0.729492 0.123047 0.349609
0 0.752930 0.586914 0.083984 0.130859
0 0.959961 0.540039 0.044922 0.064453
0 0.929688 0.532227 0.070312 0.076172
0 0.845703 0.527344 0.070312 0.140625
0 0.543945 0.502930 0.060547 0.130859
0 0.754883 0.467773 0.169922 0.154297
0 0.642578 0.437500 0.046875 0.117188
0 0.476562 0.435547 0.273438 0.238281