0 0.845703 0.981445 0.035156 0.037109
0 0.741211 0.979492 0.037109 0.041016
0 0.789062 0.975586 0.046875 0.048828
0 0.649414 0.963867 0.076172 0.072266
0 0.598633 0.928711 0.052734 0.056641
0 0.736328 0.918945 0.066406 0.060547
0 0.989258 0.909180 0.021484 0.064453
0 0.421875 0.888672 0.113281 0.113281
0 0.399414 0.857422 0.076172 0.097656
0 0.114258 0.851562 0.154297 0.148438
0 0.924805 0.803711 0.123047 0.056641
0 0.578125 0.763672 0.035156 0.023438
0 0.798828 0.663086 0.039062 0.037109
0 0.423828 0.672852 0.074219 0.099609
0 0.323242 0.633789 0.076172 0.044922
0 0.119141 0.661133 0.238281 0.197266
0 0.643555 0.559570 0.056641 0.076172
0 0.894531 0.378906 0.117188 0.093750
0 0.876953 0.266602 0.093750 0.044922
0 0.867188 0.066406 0.195312 0.132812