0 0.134766 0.908203 0.039062 0.015625
0 0.082031 0.948242 0.164062 0.103516
0 0.130859 0.832031 0.042969 0.042969
0 0.112305 0.842773 0.087891 0.166016
0 0.026367 0.724609 0.052734 0.031250
0 0.099609 0.690430 0.093750 0.076172
0 0.013672 0.655273 0.027344 0.033203
0 0.098633 0.631836 0.087891 0.033203
0 0.087891 0.591797 0.105469 0.074219
0 0.070312 0.542969 0.101562 0.062500
0 0.052734 0.498047 0.105469 0.074219
0 0.045898 0.399414 0.091797 0.150391
0 0.962891 0.317383 0.074219 0.041016
0 0.926758 0.270508 0.138672 0.099609
0 0.673828 0.036133 0.113281 0.072266