0 0.598633 0.952148 0.119141 0.095703
0 0.442383 0.923828 0.029297 0.039062
0 0.776367 0.936523 0.048828 0.115234
0 0.800781 0.855469 0.046875 0.058594
0 0.933594 0.838867 0.132812 0.275391
0 0.748047 0.711914 0.062500 0.048828
0 0.752930 0.654297 0.216797 0.046875
0 0.186523 0.633789 0.130859 0.123047
0 0.684570 0.586914 0.154297 0.126953
0 0.481445 0.367188 0.083984 0.066406
0 0.120117 0.438477 0.154297 0.244141
0 0.344727 0.413086 0.291016 0.255859
0 0.065430 0.468750 0.130859 0.378906
0 0.678711 0.228516 0.068359 0.039062
0 0.039062 0.238281 0.078125 0.152344