0 0.190430 0.968750 0.044922 0.042969
0 0.146484 0.957031 0.046875 0.054688
0 0.068359 0.929688 0.074219 0.062500
0 0.012695 0.878906 0.025391 0.070312
0 0.881836 0.919922 0.236328 0.160156
0 0.271484 0.658203 0.054688 0.050781
0 0.423828 0.591797 0.039062 0.046875
0 0.380859 0.599609 0.035156 0.074219
0 0.554688 0.761719 0.355469 0.425781
0 0.252930 0.586914 0.083984 0.130859
0 0.459961 0.540039 0.044922 0.064453
0 0.429688 0.532227 0.070312 0.076172
0 0.345703 0.527344 0.070312 0.140625
0 0.043945 0.502930 0.060547 0.130859
0 0.254883 0.467773 0.169922 0.154297
0 0.142578 0.437500 0.046875 0.117188
0 0.056641 0.411133 0.113281 0.189453