0 0.917969 0.904297 0.070312 0.070312
0 0.930664 0.852539 0.060547 0.029297
0 0.887695 0.892578 0.142578 0.214844
0 0.946289 0.771484 0.033203 0.023438
0 0.678711 0.773438 0.111328 0.050781
0 0.719727 0.727539 0.138672 0.052734
0 0.868164 0.671875 0.154297 0.125000
0 0.670898 0.616211 0.154297 0.060547
0 0.866211 0.575195 0.142578 0.052734
0 0.848633 0.508789 0.173828 0.119141
0 0.819336 0.427734 0.166016 0.101562
0 0.692383 0.394531 0.048828 0.066406
0 0.793945 0.355469 0.166016 0.121094
0 0.826172 0.277344 0.058594 0.039062
0 0.608398 0.177734 0.462891 0.355469
0 0.353516 0.023438 0.062500 0.046875
0 0.278320 0.007812 0.044922 0.015625