0 0.812500 0.834961 0.058594 0.076172
0 0.641602 0.841797 0.064453 0.097656
0 0.718750 0.819336 0.078125 0.080078
0 0.491211 0.831055 0.123047 0.181641
0 0.407227 0.743164 0.087891 0.091797
0 0.631836 0.725586 0.107422 0.103516
0 0.117188 0.676758 0.187500 0.189453
0 0.081055 0.624023 0.123047 0.158203
0 0.920898 0.537109 0.158203 0.093750
0 0.375000 0.470703 0.058594 0.039062
0 0.736328 0.306641 0.066406 0.062500
0 0.120117 0.322266 0.123047 0.160156
0 0.008789 0.262695 0.017578 0.041016
0 0.480469 0.134766 0.093750 0.125000