0 0.416992 0.891602 0.021484 0.041016
0 0.817383 0.910156 0.287109 0.179688
0 0.457031 0.775391 0.046875 0.074219
0 0.467773 0.718750 0.029297 0.031250
0 0.843750 0.601562 0.277344 0.378906
0 0.820312 0.428711 0.101562 0.060547
0 0.917969 0.385742 0.093750 0.076172
0 0.804688 0.340820 0.093750 0.037109
0 0.916992 0.327148 0.087891 0.033203
0 0.906250 0.286133 0.105469 0.072266
0 0.884766 0.238281 0.101562 0.062500
0 0.857422 0.199219 0.128906 0.082031
0 0.038086 0.140625 0.076172 0.117188
0 0.757812 0.096680 0.281250 0.193359