0 0.660156 0.682617 0.035156 0.044922
0 0.555664 0.686523 0.037109 0.060547
0 0.603516 0.672852 0.046875 0.048828
0 0.474609 0.670898 0.074219 0.111328
0 0.413086 0.626953 0.052734 0.054688
0 0.549805 0.617188 0.064453 0.062500
0 0.900391 0.614258 0.199219 0.087891
0 0.247070 0.582031 0.115234 0.113281
0 0.218750 0.551758 0.074219 0.095703
0 0.743164 0.498047 0.123047 0.054688
0 0.404297 0.447266 0.035156 0.023438
0 0.618164 0.361328 0.041016 0.039062
0 0.242188 0.371094 0.074219 0.097656
0 0.033203 0.383789 0.066406 0.126953
0 0.141602 0.331055 0.076172 0.044922
0 0.463867 0.256836 0.056641 0.076172
0 0.718750 0.076172 0.117188 0.093750