0 0.832031 0.884766 0.335938 0.230469
0 0.634766 0.738281 0.082031 0.093750
0 0.700195 0.557617 0.048828 0.056641
0 0.815430 0.439453 0.056641 0.042969
0 0.700195 0.418945 0.123047 0.123047
0 0.985352 0.269531 0.029297 0.046875
0 0.503906 0.264648 0.046875 0.060547
0 0.888672 0.211914 0.058594 0.103516
0 0.946289 0.177734 0.056641 0.062500
0 0.361328 0.140625 0.070312 0.082031
0 0.331055 0.064453 0.060547 0.050781
0 0.868164 0.145508 0.259766 0.291016
0 0.737305 0.082031 0.181641 0.164062
0 0.282227 0.017578 0.083984 0.035156