0 0.183594 0.801758 0.058594 0.025391
0 0.899414 0.618164 0.197266 0.130859
0 0.813477 0.518555 0.142578 0.134766
0 0.348633 0.611328 0.478516 0.324219
0 0.698242 0.457031 0.119141 0.128906
0 0.374023 0.483398 0.275391 0.224609
0 0.304688 0.420898 0.308594 0.224609
0 0.583984 0.290039 0.128906 0.103516
0 0.374023 0.217773 0.041016 0.044922
0 0.344727 0.194336 0.029297 0.029297
0 0.902344 0.150391 0.031250 0.042969
0 0.225586 0.215820 0.177734 0.361328
0 0.072266 0.334961 0.144531 0.654297
0 0.732422 0.037109 0.214844 0.074219