0 0.822266 0.975586 0.125000 0.048828
0 0.545898 0.974609 0.083984 0.050781
0 0.698242 0.946289 0.119141 0.107422
0 0.423828 0.935547 0.175781 0.128906
0 0.304688 0.904297 0.308594 0.191406
0 0.583984 0.790039 0.128906 0.103516
0 0.374023 0.717773 0.041016 0.044922
0 0.344727 0.694336 0.029297 0.029297
0 0.902344 0.650391 0.031250 0.042969
0 0.225586 0.715820 0.177734 0.361328
0 0.072266 0.753906 0.144531 0.492188
0 0.039062 0.422852 0.078125 0.134766
0 0.730469 0.453125 0.246094 0.242188
0 0.579102 0.316406 0.068359 0.105469
0 0.133789 0.290039 0.080078 0.076172
0 0.280273 0.323242 0.064453 0.150391
0 0.718750 0.283203 0.085938 0.105469
0 0.634766 0.261719 0.027344 0.062500
0 0.654297 0.288086 0.093750 0.162109
0 0.365234 0.297852 0.117188 0.212891
0 0.223633 0.190430 0.193359 0.146484
0 0.306641 0.059570 0.324219 0.119141