0 0.964844 0.973633 0.070312 0.052734
0 0.538086 0.947266 0.029297 0.042969
0 0.497070 0.958008 0.052734 0.083984
0 0.431641 0.958008 0.070312 0.083984
0 0.948242 0.918945 0.099609 0.064453
0 0.293945 0.935547 0.158203 0.117188
0 0.077148 0.848633 0.052734 0.080078
0 0.443359 0.776367 0.050781 0.080078
0 0.766602 0.777344 0.349609 0.261719
0 0.036133 0.447266 0.072266 0.039062
0 0.235352 0.362305 0.048828 0.041016
0 0.020508 0.356445 0.041016 0.056641
0 0.013672 0.255859 0.027344 0.074219
0 0.379883 0.158203 0.060547 0.042969
0 0.352539 0.136719 0.048828 0.042969
0 0.335938 0.054688 0.078125 0.062500