0 0.519531 0.960938 0.105469 0.066406
0 0.232422 0.937500 0.128906 0.125000
0 0.735352 0.862305 0.048828 0.041016
0 0.510742 0.856445 0.060547 0.056641
0 0.494141 0.749023 0.066406 0.087891
0 0.879883 0.658203 0.060547 0.042969
0 0.852539 0.636719 0.048828 0.042969
0 0.089844 0.698242 0.179688 0.236328
0 0.461914 0.596680 0.087891 0.099609
0 0.835938 0.554688 0.078125 0.062500
0 0.532227 0.453125 0.044922 0.054688
0 0.452148 0.321289 0.083984 0.083984
0 0.385742 0.158203 0.025391 0.035156
0 0.437500 0.043945 0.042969 0.041016